Uk³ad M/M/1/RNT
Œrednia liczba zg³oszeñ na jednostkê czasu : 	   1.000
Œrednia wydajnoœæ stanowiska obs³ugi : 		  10.000
Pojedynczy kwant czasu : 			1000.000



Czas pobytu w systemie
1006 pomiarów. Wartoœæ œrednia    0.108
 Zakres			Licznik
<=    0.000		0
(    0.000,    0.020 ]	166
(    0.020,    0.040 ]	139
(    0.040,    0.060 ]	118
(    0.060,    0.080 ]	102
(    0.080,    0.100 ]	74
(    0.100,    0.120 ]	57
(    0.120,    0.140 ]	63
(    0.140,    0.160 ]	52
(    0.160,    0.180 ]	47
(    0.180,    0.200 ]	30
(    0.200,    0.220 ]	23
(    0.220,    0.240 ]	23
(    0.240,    0.260 ]	32
(    0.260,    0.280 ]	16
(    0.280,    0.300 ]	11
(    0.300,    0.320 ]	9
(    0.320,    0.340 ]	9
(    0.340,    0.360 ]	3
(    0.360,    0.380 ]	7
(    0.380,    0.400 ]	3
(    0.400,    0.420 ]	2
(    0.420,    0.440 ]	4
(    0.440,    0.460 ]	3
(    0.460,    0.480 ]	2
(    0.480,    0.500 ]	1
(    0.500,    0.520 ]	1
(    0.520,    0.540 ]	0
(    0.540,    0.560 ]	0
(    0.560,    0.580 ]	3
(    0.580,    0.600 ]	1
(    0.600,    0.620 ]	1
(    0.620,    0.640 ]	1
(    0.640,    0.660 ]	1
(    0.660,    0.680 ]	0
(    0.680,    0.700 ]	0
(    0.700,    0.720 ]	0
(    0.720,    0.740 ]	0
(    0.740,    0.760 ]	0
(    0.760,    0.780 ]	0
(    0.780,    0.800 ]	0
(    0.800,    0.820 ]	0
(    0.820,    0.840 ]	1
(    0.840,    0.860 ]	0
(    0.860,    0.880 ]	0
(    0.880,    0.900 ]	0
(    0.900,    0.920 ]	1
(    0.920,    0.940 ]	0
(    0.940,    0.960 ]	0
(    0.960,    0.980 ]	0
(    0.980,    1.000 ]	0
>    1.000		0
__________________________________________________________________________________

Uk³ad M/M/1/RNT
Œrednia liczba zg³oszeñ na jednostkê czasu : 	   2.000
Œrednia wydajnoœæ stanowiska obs³ugi : 		  10.000
Pojedynczy kwant czasu : 			1000.000



Czas pobytu w systemie
2014 pomiarów. Wartoœæ œrednia    0.125
 Zakres			Licznik
<=    0.000		0
(    0.000,    0.020 ]	294
(    0.020,    0.040 ]	275
(    0.040,    0.060 ]	177
(    0.060,    0.080 ]	184
(    0.080,    0.100 ]	164
(    0.100,    0.120 ]	148
(    0.120,    0.140 ]	113
(    0.140,    0.160 ]	85
(    0.160,    0.180 ]	77
(    0.180,    0.200 ]	79
(    0.200,    0.220 ]	64
(    0.220,    0.240 ]	61
(    0.240,    0.260 ]	47
(    0.260,    0.280 ]	34
(    0.280,    0.300 ]	29
(    0.300,    0.320 ]	27
(    0.320,    0.340 ]	18
(    0.340,    0.360 ]	29
(    0.360,    0.380 ]	15
(    0.380,    0.400 ]	16
(    0.400,    0.420 ]	11
(    0.420,    0.440 ]	11
(    0.440,    0.460 ]	9
(    0.460,    0.480 ]	9
(    0.480,    0.500 ]	6
(    0.500,    0.520 ]	4
(    0.520,    0.540 ]	3
(    0.540,    0.560 ]	1
(    0.560,    0.580 ]	5
(    0.580,    0.600 ]	4
(    0.600,    0.620 ]	2
(    0.620,    0.640 ]	4
(    0.640,    0.660 ]	2
(    0.660,    0.680 ]	3
(    0.680,    0.700 ]	2
(    0.700,    0.720 ]	2
(    0.720,    0.740 ]	0
(    0.740,    0.760 ]	0
(    0.760,    0.780 ]	0
(    0.780,    0.800 ]	0
(    0.800,    0.820 ]	0
(    0.820,    0.840 ]	0
(    0.840,    0.860 ]	0
(    0.860,    0.880 ]	0
(    0.880,    0.900 ]	0
(    0.900,    0.920 ]	0
(    0.920,    0.940 ]	0
(    0.940,    0.960 ]	0
(    0.960,    0.980 ]	0
(    0.980,    1.000 ]	0
>    1.000		0
__________________________________________________________________________________

Uk³ad M/M/1/RNT
Œrednia liczba zg³oszeñ na jednostkê czasu : 	   3.000
Œrednia wydajnoœæ stanowiska obs³ugi : 		  10.000
Pojedynczy kwant czasu : 			1000.000



Czas pobytu w systemie
3014 pomiarów. Wartoœæ œrednia    0.143
 Zakres			Licznik
<=    0.000		0
(    0.000,    0.020 ]	388
(    0.020,    0.040 ]	367
(    0.040,    0.060 ]	300
(    0.060,    0.080 ]	263
(    0.080,    0.100 ]	237
(    0.100,    0.120 ]	169
(    0.120,    0.140 ]	162
(    0.140,    0.160 ]	157
(    0.160,    0.180 ]	111
(    0.180,    0.200 ]	96
(    0.200,    0.220 ]	110
(    0.220,    0.240 ]	80
(    0.240,    0.260 ]	68
(    0.260,    0.280 ]	70
(    0.280,    0.300 ]	65
(    0.300,    0.320 ]	49
(    0.320,    0.340 ]	39
(    0.340,    0.360 ]	34
(    0.360,    0.380 ]	37
(    0.380,    0.400 ]	21
(    0.400,    0.420 ]	23
(    0.420,    0.440 ]	21
(    0.440,    0.460 ]	17
(    0.460,    0.480 ]	19
(    0.480,    0.500 ]	13
(    0.500,    0.520 ]	11
(    0.520,    0.540 ]	12
(    0.540,    0.560 ]	6
(    0.560,    0.580 ]	8
(    0.580,    0.600 ]	8
(    0.600,    0.620 ]	12
(    0.620,    0.640 ]	6
(    0.640,    0.660 ]	3
(    0.660,    0.680 ]	7
(    0.680,    0.700 ]	3
(    0.700,    0.720 ]	5
(    0.720,    0.740 ]	3
(    0.740,    0.760 ]	3
(    0.760,    0.780 ]	1
(    0.780,    0.800 ]	1
(    0.800,    0.820 ]	1
(    0.820,    0.840 ]	0
(    0.840,    0.860 ]	0
(    0.860,    0.880 ]	1
(    0.880,    0.900 ]	2
(    0.900,    0.920 ]	0
(    0.920,    0.940 ]	1
(    0.940,    0.960 ]	0
(    0.960,    0.980 ]	1
(    0.980,    1.000 ]	0
>    1.000		3
__________________________________________________________________________________

Uk³ad M/M/1/RNT
Œrednia liczba zg³oszeñ na jednostkê czasu : 	   4.000
Œrednia wydajnoœæ stanowiska obs³ugi : 		  10.000
Pojedynczy kwant czasu : 			1000.000



Czas pobytu w systemie
3945 pomiarów. Wartoœæ œrednia    0.161
 Zakres			Licznik
<=    0.000		0
(    0.000,    0.020 ]	463
(    0.020,    0.040 ]	396
(    0.040,    0.060 ]	344
(    0.060,    0.080 ]	306
(    0.080,    0.100 ]	263
(    0.100,    0.120 ]	242
(    0.120,    0.140 ]	256
(    0.140,    0.160 ]	174
(    0.160,    0.180 ]	190
(    0.180,    0.200 ]	155
(    0.200,    0.220 ]	137
(    0.220,    0.240 ]	115
(    0.240,    0.260 ]	116
(    0.260,    0.280 ]	84
(    0.280,    0.300 ]	95
(    0.300,    0.320 ]	76
(    0.320,    0.340 ]	74
(    0.340,    0.360 ]	60
(    0.360,    0.380 ]	45
(    0.380,    0.400 ]	40
(    0.400,    0.420 ]	42
(    0.420,    0.440 ]	27
(    0.440,    0.460 ]	22
(    0.460,    0.480 ]	33
(    0.480,    0.500 ]	16
(    0.500,    0.520 ]	24
(    0.520,    0.540 ]	14
(    0.540,    0.560 ]	9
(    0.560,    0.580 ]	18
(    0.580,    0.600 ]	16
(    0.600,    0.620 ]	15
(    0.620,    0.640 ]	7
(    0.640,    0.660 ]	8
(    0.660,    0.680 ]	8
(    0.680,    0.700 ]	7
(    0.700,    0.720 ]	12
(    0.720,    0.740 ]	5
(    0.740,    0.760 ]	4
(    0.760,    0.780 ]	4
(    0.780,    0.800 ]	1
(    0.800,    0.820 ]	2
(    0.820,    0.840 ]	1
(    0.840,    0.860 ]	3
(    0.860,    0.880 ]	3
(    0.880,    0.900 ]	2
(    0.900,    0.920 ]	2
(    0.920,    0.940 ]	1
(    0.940,    0.960 ]	2
(    0.960,    0.980 ]	0
(    0.980,    1.000 ]	1
>    1.000		5
__________________________________________________________________________________

Uk³ad M/M/1/RNT
Œrednia liczba zg³oszeñ na jednostkê czasu : 	   5.000
Œrednia wydajnoœæ stanowiska obs³ugi : 		  10.000
Pojedynczy kwant czasu : 			1000.000



Czas pobytu w systemie
4952 pomiarów. Wartoœæ œrednia    0.205
 Zakres			Licznik
<=    0.000		0
(    0.000,    0.020 ]	485
(    0.020,    0.040 ]	415
(    0.040,    0.060 ]	398
(    0.060,    0.080 ]	356
(    0.080,    0.100 ]	292
(    0.100,    0.120 ]	277
(    0.120,    0.140 ]	256
(    0.140,    0.160 ]	217
(    0.160,    0.180 ]	244
(    0.180,    0.200 ]	189
(    0.200,    0.220 ]	184
(    0.220,    0.240 ]	144
(    0.240,    0.260 ]	153
(    0.260,    0.280 ]	128
(    0.280,    0.300 ]	124
(    0.300,    0.320 ]	80
(    0.320,    0.340 ]	84
(    0.340,    0.360 ]	67
(    0.360,    0.380 ]	85
(    0.380,    0.400 ]	55
(    0.400,    0.420 ]	62
(    0.420,    0.440 ]	59
(    0.440,    0.460 ]	63
(    0.460,    0.480 ]	44
(    0.480,    0.500 ]	44
(    0.500,    0.520 ]	27
(    0.520,    0.540 ]	26
(    0.540,    0.560 ]	26
(    0.560,    0.580 ]	28
(    0.580,    0.600 ]	34
(    0.600,    0.620 ]	26
(    0.620,    0.640 ]	22
(    0.640,    0.660 ]	27
(    0.660,    0.680 ]	24
(    0.680,    0.700 ]	27
(    0.700,    0.720 ]	14
(    0.720,    0.740 ]	19
(    0.740,    0.760 ]	15
(    0.760,    0.780 ]	8
(    0.780,    0.800 ]	11
(    0.800,    0.820 ]	7
(    0.820,    0.840 ]	15
(    0.840,    0.860 ]	9
(    0.860,    0.880 ]	7
(    0.880,    0.900 ]	11
(    0.900,    0.920 ]	1
(    0.920,    0.940 ]	5
(    0.940,    0.960 ]	3
(    0.960,    0.980 ]	2
(    0.980,    1.000 ]	4
>    1.000		49
__________________________________________________________________________________

Uk³ad M/M/1/RNT
Œrednia liczba zg³oszeñ na jednostkê czasu : 	   6.000
Œrednia wydajnoœæ stanowiska obs³ugi : 		  10.000
Pojedynczy kwant czasu : 			1000.000



Czas pobytu w systemie
6134 pomiarów. Wartoœæ œrednia    0.247
 Zakres			Licznik
<=    0.000		0
(    0.000,    0.020 ]	468
(    0.020,    0.040 ]	450
(    0.040,    0.060 ]	420
(    0.060,    0.080 ]	392
(    0.080,    0.100 ]	328
(    0.100,    0.120 ]	314
(    0.120,    0.140 ]	284
(    0.140,    0.160 ]	259
(    0.160,    0.180 ]	228
(    0.180,    0.200 ]	274
(    0.200,    0.220 ]	208
(    0.220,    0.240 ]	187
(    0.240,    0.260 ]	186
(    0.260,    0.280 ]	153
(    0.280,    0.300 ]	140
(    0.300,    0.320 ]	136
(    0.320,    0.340 ]	123
(    0.340,    0.360 ]	125
(    0.360,    0.380 ]	114
(    0.380,    0.400 ]	104
(    0.400,    0.420 ]	99
(    0.420,    0.440 ]	69
(    0.440,    0.460 ]	84
(    0.460,    0.480 ]	82
(    0.480,    0.500 ]	61
(    0.500,    0.520 ]	72
(    0.520,    0.540 ]	61
(    0.540,    0.560 ]	51
(    0.560,    0.580 ]	63
(    0.580,    0.600 ]	53
(    0.600,    0.620 ]	55
(    0.620,    0.640 ]	31
(    0.640,    0.660 ]	37
(    0.660,    0.680 ]	30
(    0.680,    0.700 ]	36
(    0.700,    0.720 ]	32
(    0.720,    0.740 ]	21
(    0.740,    0.760 ]	18
(    0.760,    0.780 ]	25
(    0.780,    0.800 ]	29
(    0.800,    0.820 ]	22
(    0.820,    0.840 ]	18
(    0.840,    0.860 ]	12
(    0.860,    0.880 ]	16
(    0.880,    0.900 ]	11
(    0.900,    0.920 ]	15
(    0.920,    0.940 ]	11
(    0.940,    0.960 ]	9
(    0.960,    0.980 ]	10
(    0.980,    1.000 ]	6
>    1.000		102
__________________________________________________________________________________

Uk³ad M/M/1/RNT
Œrednia liczba zg³oszeñ na jednostkê czasu : 	   7.000
Œrednia wydajnoœæ stanowiska obs³ugi : 		  10.000
Pojedynczy kwant czasu : 			1000.000



Czas pobytu w systemie
6867 pomiarów. Wartoœæ œrednia    0.340
 Zakres			Licznik
<=    0.000		0
(    0.000,    0.020 ]	437
(    0.020,    0.040 ]	381
(    0.040,    0.060 ]	349
(    0.060,    0.080 ]	323
(    0.080,    0.100 ]	289
(    0.100,    0.120 ]	286
(    0.120,    0.140 ]	246
(    0.140,    0.160 ]	264
(    0.160,    0.180 ]	242
(    0.180,    0.200 ]	234
(    0.200,    0.220 ]	202
(    0.220,    0.240 ]	198
(    0.240,    0.260 ]	185
(    0.260,    0.280 ]	155
(    0.280,    0.300 ]	157
(    0.300,    0.320 ]	179
(    0.320,    0.340 ]	156
(    0.340,    0.360 ]	134
(    0.360,    0.380 ]	129
(    0.380,    0.400 ]	146
(    0.400,    0.420 ]	130
(    0.420,    0.440 ]	122
(    0.440,    0.460 ]	102
(    0.460,    0.480 ]	100
(    0.480,    0.500 ]	93
(    0.500,    0.520 ]	84
(    0.520,    0.540 ]	98
(    0.540,    0.560 ]	81
(    0.560,    0.580 ]	71
(    0.580,    0.600 ]	86
(    0.600,    0.620 ]	66
(    0.620,    0.640 ]	58
(    0.640,    0.660 ]	58
(    0.660,    0.680 ]	59
(    0.680,    0.700 ]	54
(    0.700,    0.720 ]	56
(    0.720,    0.740 ]	57
(    0.740,    0.760 ]	47
(    0.760,    0.780 ]	51
(    0.780,    0.800 ]	37
(    0.800,    0.820 ]	48
(    0.820,    0.840 ]	39
(    0.840,    0.860 ]	49
(    0.860,    0.880 ]	48
(    0.880,    0.900 ]	17
(    0.900,    0.920 ]	22
(    0.920,    0.940 ]	26
(    0.940,    0.960 ]	17
(    0.960,    0.980 ]	36
(    0.980,    1.000 ]	26
>    1.000		337
__________________________________________________________________________________

Uk³ad M/M/1/RNT
Œrednia liczba zg³oszeñ na jednostkê czasu : 	   8.000
Œrednia wydajnoœæ stanowiska obs³ugi : 		  10.000
Pojedynczy kwant czasu : 			1000.000



Czas pobytu w systemie
7879 pomiarów. Wartoœæ œrednia    0.432
 Zakres			Licznik
<=    0.000		0
(    0.000,    0.020 ]	370
(    0.020,    0.040 ]	326
(    0.040,    0.060 ]	296
(    0.060,    0.080 ]	311
(    0.080,    0.100 ]	294
(    0.100,    0.120 ]	291
(    0.120,    0.140 ]	240
(    0.140,    0.160 ]	234
(    0.160,    0.180 ]	230
(    0.180,    0.200 ]	243
(    0.200,    0.220 ]	200
(    0.220,    0.240 ]	191
(    0.240,    0.260 ]	182
(    0.260,    0.280 ]	196
(    0.280,    0.300 ]	194
(    0.300,    0.320 ]	185
(    0.320,    0.340 ]	154
(    0.340,    0.360 ]	135
(    0.360,    0.380 ]	167
(    0.380,    0.400 ]	154
(    0.400,    0.420 ]	141
(    0.420,    0.440 ]	171
(    0.440,    0.460 ]	122
(    0.460,    0.480 ]	129
(    0.480,    0.500 ]	122
(    0.500,    0.520 ]	101
(    0.520,    0.540 ]	105
(    0.540,    0.560 ]	97
(    0.560,    0.580 ]	89
(    0.580,    0.600 ]	107
(    0.600,    0.620 ]	101
(    0.620,    0.640 ]	96
(    0.640,    0.660 ]	91
(    0.660,    0.680 ]	106
(    0.680,    0.700 ]	79
(    0.700,    0.720 ]	70
(    0.720,    0.740 ]	94
(    0.740,    0.760 ]	91
(    0.760,    0.780 ]	80
(    0.780,    0.800 ]	57
(    0.800,    0.820 ]	61
(    0.820,    0.840 ]	61
(    0.840,    0.860 ]	63
(    0.860,    0.880 ]	55
(    0.880,    0.900 ]	56
(    0.900,    0.920 ]	37
(    0.920,    0.940 ]	46
(    0.940,    0.960 ]	41
(    0.960,    0.980 ]	51
(    0.980,    1.000 ]	25
>    1.000		741
__________________________________________________________________________________

Uk³ad M/M/1/RNT
Œrednia liczba zg³oszeñ na jednostkê czasu : 	   9.000
Œrednia wydajnoœæ stanowiska obs³ugi : 		  10.000
Pojedynczy kwant czasu : 			1000.000



Czas pobytu w systemie
9035 pomiarów. Wartoœæ œrednia    1.150
 Zakres			Licznik
<=    0.000		0
(    0.000,    0.020 ]	159
(    0.020,    0.040 ]	171
(    0.040,    0.060 ]	147
(    0.060,    0.080 ]	160
(    0.080,    0.100 ]	146
(    0.100,    0.120 ]	138
(    0.120,    0.140 ]	136
(    0.140,    0.160 ]	160
(    0.160,    0.180 ]	156
(    0.180,    0.200 ]	171
(    0.200,    0.220 ]	131
(    0.220,    0.240 ]	121
(    0.240,    0.260 ]	133
(    0.260,    0.280 ]	156
(    0.280,    0.300 ]	134
(    0.300,    0.320 ]	131
(    0.320,    0.340 ]	121
(    0.340,    0.360 ]	145
(    0.360,    0.380 ]	134
(    0.380,    0.400 ]	138
(    0.400,    0.420 ]	134
(    0.420,    0.440 ]	100
(    0.440,    0.460 ]	110
(    0.460,    0.480 ]	114
(    0.480,    0.500 ]	105
(    0.500,    0.520 ]	94
(    0.520,    0.540 ]	90
(    0.540,    0.560 ]	108
(    0.560,    0.580 ]	105
(    0.580,    0.600 ]	111
(    0.600,    0.620 ]	118
(    0.620,    0.640 ]	98
(    0.640,    0.660 ]	96
(    0.660,    0.680 ]	83
(    0.680,    0.700 ]	86
(    0.700,    0.720 ]	68
(    0.720,    0.740 ]	90
(    0.740,    0.760 ]	87
(    0.760,    0.780 ]	92
(    0.780,    0.800 ]	71
(    0.800,    0.820 ]	75
(    0.820,    0.840 ]	68
(    0.840,    0.860 ]	79
(    0.860,    0.880 ]	66
(    0.880,    0.900 ]	71
(    0.900,    0.920 ]	68
(    0.920,    0.940 ]	70
(    0.940,    0.960 ]	65
(    0.960,    0.980 ]	57
(    0.980,    1.000 ]	67
>    1.000		3501
__________________________________________________________________________________

Uk³ad M/M/1/RNT
Œrednia liczba zg³oszeñ na jednostkê czasu : 	  10.000
Œrednia wydajnoœæ stanowiska obs³ugi : 		  10.000
Pojedynczy kwant czasu : 			1000.000



Czas pobytu w systemie
9974 pomiarów. Wartoœæ œrednia   15.735
 Zakres			Licznik
<=    0.000		0
(    0.000,    0.020 ]	9
(    0.020,    0.040 ]	4
(    0.040,    0.060 ]	2
(    0.060,    0.080 ]	1
(    0.080,    0.100 ]	8
(    0.100,    0.120 ]	5
(    0.120,    0.140 ]	1
(    0.140,    0.160 ]	3
(    0.160,    0.180 ]	9
(    0.180,    0.200 ]	5
(    0.200,    0.220 ]	8
(    0.220,    0.240 ]	6
(    0.240,    0.260 ]	5
(    0.260,    0.280 ]	5
(    0.280,    0.300 ]	3
(    0.300,    0.320 ]	5
(    0.320,    0.340 ]	6
(    0.340,    0.360 ]	3
(    0.360,    0.380 ]	2
(    0.380,    0.400 ]	2
(    0.400,    0.420 ]	5
(    0.420,    0.440 ]	3
(    0.440,    0.460 ]	4
(    0.460,    0.480 ]	3
(    0.480,    0.500 ]	9
(    0.500,    0.520 ]	9
(    0.520,    0.540 ]	3
(    0.540,    0.560 ]	3
(    0.560,    0.580 ]	8
(    0.580,    0.600 ]	3
(    0.600,    0.620 ]	9
(    0.620,    0.640 ]	4
(    0.640,    0.660 ]	5
(    0.660,    0.680 ]	4
(    0.680,    0.700 ]	5
(    0.700,    0.720 ]	10
(    0.720,    0.740 ]	2
(    0.740,    0.760 ]	3
(    0.760,    0.780 ]	4
(    0.780,    0.800 ]	9
(    0.800,    0.820 ]	5
(    0.820,    0.840 ]	3
(    0.840,    0.860 ]	9
(    0.860,    0.880 ]	9
(    0.880,    0.900 ]	4
(    0.900,    0.920 ]	6
(    0.920,    0.940 ]	11
(    0.940,    0.960 ]	8
(    0.960,    0.980 ]	14
(    0.980,    1.000 ]	5
>    1.000		9703