__________________________________________________________________________________

Uk³ad M/M/1/RNT
Œrednia liczba zg³oszeñ na jednostkê czasu : 	   1.000
Œrednia wydajnoœæ stanowiska obs³ugi : 		   2.000
Pojedynczy kwant czasu : 			1000.000


    t		n	k	s
   0.000	1	0	1
   0.414	2	1	1
   0.453	1	0	1
   0.709	0	0	0
   0.908	1	0	1
   1.051	0	0	0
   3.062	1	0	1
   3.122	0	0	0
   4.254	1	0	1
   4.437	0	0	0
   4.511	1	0	1
   5.011	0	0	0
   6.756	1	0	1
   7.090	2	1	1
   7.293	3	2	1
   7.323	4	3	1
   8.163	5	4	1
   8.292	4	3	1
   8.673	3	2	1
   9.252	4	3	1
   9.426	5	4	1
   9.486	4	3	1
   9.970	5	4	1
  10.337	4	3	1
  10.357	3	2	1
  10.511	2	1	1
  10.831	3	2	1
  11.275	2	1	1
  11.403	1	0	1
  11.749	2	1	1
  11.830	1	0	1
  11.895	0	0	0
  13.871	1	0	1
  14.046	2	1	1
  14.314	1	0	1
  14.345	2	1	1
  14.891	1	0	1
  14.892	0	0	0
  16.764	1	0	1
  17.291	2	1	1
  17.310	1	0	1
  17.507	2	1	1
  17.829	1	0	1
  17.898	2	1	1
  18.249	1	0	1
  18.760	2	1	1
  19.062	1	0	1
  19.594	0	0	0
  21.269	1	0	1
  22.220	0	0	0
  23.803	1	0	1
  23.929	0	0	0
  25.145	1	0	1
  25.187	0	0	0
  27.218	1	0	1
  28.291	2	1	1
  28.760	1	0	1
  29.358	2	1	1
  29.715	3	2	1
  29.795	2	1	1
  30.663	1	0	1
  30.718	0	0	0
  30.814	1	0	1
  31.755	0	0	0
  31.800	1	0	1
  32.069	0	0	0
  32.136	1	0	1
  32.701	0	0	0
  34.363	1	0	1
  35.105	0	0	0
  36.800	1	0	1
  37.643	0	0	0
  39.393	1	0	1
  39.499	2	1	1
  39.648	1	0	1
  40.069	2	1	1
  40.482	3	2	1
  41.217	2	1	1
  41.233	1	0	1
  41.898	0	0	0
  42.072	1	0	1
  42.120	0	0	0
  43.815	1	0	1
  44.546	2	1	1
  44.857	1	0	1
  44.918	2	1	1
  44.972	1	0	1
  45.348	0	0	0
  45.352	1	0	1
  45.446	0	0	0
  47.106	1	0	1
  47.284	0	0	0
  48.408	1	0	1
  48.583	0	0	0
  50.643	1	0	1
  50.778	0	0	0
  55.842	1	0	1
  56.496	0	0	0
  56.574	1	0	1
  57.365	0	0	0
  57.620	1	0	1
  57.714	2	1	1
  57.725	1	0	1
  58.113	0	0	0
  58.433	1	0	1
  58.552	0	0	0
  61.409	1	0	1
  61.469	0	0	0
  62.245	1	0	1
  62.568	2	1	1
  63.117	1	0	1
  63.742	0	0	0
  64.680	1	0	1
  64.852	0	0	0
  65.525	1	0	1
  65.588	0	0	0
  67.439	1	0	1
  67.607	0	0	0
  69.163	1	0	1
  69.172	0	0	0
  70.453	1	0	1
  70.687	2	1	1
  70.723	3	2	1
  71.030	2	1	1
  71.111	1	0	1
  71.995	0	0	0
  72.930	1	0	1
  73.313	0	0	0
  73.639	1	0	1
  73.879	2	1	1
  74.694	3	2	1
  74.831	2	1	1
  75.273	3	2	1
  75.661	2	1	1
  75.726	3	2	1
  76.663	2	1	1
  76.939	1	0	1
  77.287	2	1	1
  77.547	3	2	1
  78.063	4	3	1
  78.521	3	2	1
  78.642	2	1	1
  79.119	3	2	1
  79.619	2	1	1
  79.877	3	2	1
  80.129	2	1	1
  80.317	3	2	1
  80.372	4	3	1
  80.568	5	4	1
  80.704	6	5	1
  81.540	7	6	1
  81.587	6	5	1
  82.126	5	4	1
  82.222	4	3	1
  82.256	3	2	1
  82.374	4	3	1
  82.493	5	4	1
  82.795	4	3	1
  82.802	5	4	1
  83.188	6	5	1
  83.452	5	4	1
  84.468	4	3	1
  84.519	3	2	1
  84.553	2	1	1
  84.607	3	2	1
  85.508	4	3	1
  85.532	3	2	1
  85.786	2	1	1
  86.329	1	0	1
  86.785	2	1	1
  86.894	3	2	1
  86.918	4	3	1
  86.941	5	4	1
  87.021	4	3	1
  87.199	3	2	1
  87.367	2	1	1
  87.925	1	0	1
  87.934	2	1	1
  88.096	1	0	1
  88.314	2	1	1
  88.505	1	0	1
  88.910	2	1	1
  88.948	3	2	1
  89.133	2	1	1
  90.368	1	0	1
  90.795	0	0	0
  91.959	1	0	1
  92.110	0	0	0
  93.808	1	0	1
  93.841	0	0	0
  93.941	1	0	1
  94.134	2	1	1
  94.186	1	0	1
  94.215	0	0	0
  94.263	1	0	1
  94.547	0	0	0
  94.637	1	0	1
  94.867	0	0	0
  95.644	1	0	1
  95.675	0	0	0
  95.916	1	0	1
  97.272	0	0	0
  98.086	1	0	1
  98.133	2	1	1
  98.236	1	0	1
  98.926	0	0	0
  99.481	1	0	1
  99.524	0	0	0
  99.868	1	0	1
 100.038	0	0	0
 100.273	1	0	1
 100.410	0	0	0
 101.456	1	0	1
 101.741	2	1	1
 102.109	1	0	1
 102.390	0	0	0
 102.536	1	0	1
 102.612	0	0	0
 102.639	1	0	1
 103.442	2	1	1
 103.473	1	0	1
 103.514	2	1	1
 103.866	1	0	1
 104.182	2	1	1
 105.652	3	2	1
 105.792	2	1	1
 106.099	1	0	1
 106.344	0	0	0
 106.513	1	0	1
 106.726	0	0	0
 107.128	1	0	1
 107.141	0	0	0
 107.419	1	0	1
 107.466	0	0	0
 108.065	1	0	1
 108.150	2	1	1
 108.757	3	2	1
 109.026	2	1	1
 109.106	3	2	1
 109.259	2	1	1
 109.399	1	0	1
 109.916	0	0	0
 110.176	1	0	1
 110.303	2	1	1
 110.511	1	0	1
 110.524	0	0	0
 110.973	1	0	1
 111.012	0	0	0
 113.097	1	0	1
 113.132	2	1	1
 113.282	1	0	1
 113.474	0	0	0
 113.945	1	0	1
 114.164	2	1	1
 114.466	3	2	1
 115.280	2	1	1
 115.684	1	0	1
 115.865	2	1	1
 116.135	1	0	1
 117.475	0	0	0
 117.655	1	0	1
 118.194	2	1	1
 118.722	1	0	1
 118.925	2	1	1
 119.165	1	0	1
 119.181	0	0	0
 120.230	1	0	1
 120.754	2	1	1
 120.822	1	0	1
 121.205	2	1	1
 121.331	3	2	1
 121.510	4	3	1
 121.546	3	2	1
 122.071	2	1	1
 122.857	1	0	1
 123.148	0	0	0
 123.781	1	0	1
 123.783	2	1	1
 123.916	3	2	1
 124.037	2	1	1
 124.229	3	2	1
 125.358	2	1	1
 125.507	1	0	1
 125.940	0	0	0
 126.445	1	0	1
 126.640	0	0	0
 127.369	1	0	1
 127.504	2	1	1
 127.673	3	2	1
 128.307	4	3	1
 128.553	3	2	1
 128.916	2	1	1
 128.977	3	2	1
 129.424	2	1	1
 129.778	1	0	1
 130.013	0	0	0
 130.791	1	0	1
 131.619	0	0	0
 133.440	1	0	1
 133.588	0	0	0
 133.943	1	0	1
 133.955	0	0	0
 137.151	1	0	1
 137.636	2	1	1
 138.268	1	0	1
 139.434	0	0	0
 140.947	1	0	1
 140.949	2	1	1
 141.408	1	0	1
 141.494	2	1	1
 141.838	3	2	1
 141.902	2	1	1
 142.288	3	2	1
 142.469	2	1	1
 142.727	1	0	1
 142.867	0	0	0
 143.715	1	0	1
 143.900	0	0	0
 144.857	1	0	1
 145.010	2	1	1
 145.950	3	2	1
 146.230	2	1	1
 146.235	1	0	1
 146.523	0	0	0
 146.742	1	0	1
 147.346	2	1	1
 147.426	1	0	1
 147.921	0	0	0
 150.018	1	0	1
 150.545	2	1	1
 150.630	1	0	1
 151.424	2	1	1
 151.459	3	2	1
 151.577	4	3	1
 151.650	3	2	1
 152.290	2	1	1
 152.816	3	2	1
 152.860	2	1	1
 152.899	3	2	1
 153.085	4	3	1
 153.467	5	4	1
 153.922	4	3	1
 154.812	3	2	1
 155.130	2	1	1
 155.611	1	0	1
 155.865	0	0	0
 155.963	1	0	1
 156.744	2	1	1
 156.836	1	0	1
 156.870	2	1	1
 158.398	3	2	1
 158.407	2	1	1
 158.745	3	2	1
 158.938	2	1	1
 159.395	1	0	1
 159.879	0	0	0
 160.351	1	0	1
 160.403	0	0	0
 162.545	1	0	1
 162.657	0	0	0
 163.135	1	0	1
 163.272	0	0	0
 163.928	1	0	1
 164.585	0	0	0
 165.100	1	0	1
 166.224	2	1	1
 166.402	1	0	1
 167.282	0	0	0
 167.555	1	0	1
 167.781	0	0	0
 168.491	1	0	1
 168.705	0	0	0
 169.090	1	0	1
 169.652	0	0	0
 169.737	1	0	1
 169.796	2	1	1
 170.270	1	0	1
 170.337	0	0	0
 170.683	1	0	1
 171.280	0	0	0
 172.224	1	0	1
 173.089	0	0	0
 174.549	1	0	1
 174.649	0	0	0
 177.537	1	0	1
 177.924	0	0	0
 180.276	1	0	1
 181.177	0	0	0
 181.272	1	0	1
 181.301	0	0	0
 181.453	1	0	1
 181.852	0	0	0
 184.412	1	0	1
 184.500	0	0	0
 185.877	1	0	1
 186.785	2	1	1
 186.981	1	0	1
 187.081	0	0	0
 187.095	1	0	1
 187.221	2	1	1
 187.245	1	0	1
 187.741	2	1	1
 187.852	3	2	1
 187.891	2	1	1
 188.299	3	2	1
 188.552	2	1	1
 188.639	3	2	1
 188.714	4	3	1
 188.953	5	4	1
 189.332	6	5	1
 190.343	5	4	1
 190.523	4	3	1
 191.136	3	2	1
 191.184	2	1	1
 192.613	3	2	1
 192.639	2	1	1
 193.324	1	0	1
 194.178	0	0	0
 194.258	1	0	1
 194.306	0	0	0
 194.384	1	0	1
 194.431	0	0	0
 194.989	1	0	1
 195.676	0	0	0
 197.611	1	0	1
 197.916	0	0	0
 198.401	1	0	1
 198.550	0	0	0
 198.849	1	0	1
 199.218	0	0	0
 199.521	1	0	1
 199.527	0	0	0
 200.300	1	0	1
 200.338	0	0	0
 200.810	1	0	1
 202.037	2	1	1
 202.093	1	0	1
 202.133	0	0	0
 203.057	1	0	1
 203.638	0	0	0
 204.300	1	0	1
 204.423	2	1	1
 204.639	1	0	1
 204.690	0	0	0
 205.685	1	0	1
 206.629	0	0	0
 208.437	1	0	1
 209.020	0	0	0
 209.267	1	0	1
 209.357	0	0	0
 210.572	1	0	1
 210.583	2	1	1
 211.283	1	0	1
 211.820	0	0	0
 211.858	1	0	1
 212.175	0	0	0
 213.438	1	0	1
 213.653	0	0	0
 213.945	1	0	1
 214.186	2	1	1
 214.412	1	0	1
 214.574	2	1	1
 214.719	1	0	1
 214.848	0	0	0
 215.801	1	0	1
 215.945	0	0	0
 216.371	1	0	1
 216.493	0	0	0
 217.261	1	0	1
 217.843	0	0	0
 219.894	1	0	1
 220.282	0	0	0
 222.857	1	0	1
 222.895	0	0	0
 223.573	1	0	1
 224.023	2	1	1
 224.117	1	0	1
 224.506	0	0	0
 225.052	1	0	1
 225.357	0	0	0
 227.572	1	0	1
 227.590	0	0	0
 227.642	1	0	1
 228.056	0	0	0
 228.948	1	0	1
 229.061	0	0	0
 230.252	1	0	1
 230.255	0	0	0
 232.378	1	0	1
 232.551	0	0	0
 234.592	1	0	1
 235.008	0	0	0
 235.403	1	0	1
 235.443	2	1	1
 236.797	3	2	1
 238.258	2	1	1
 238.343	1	0	1
 239.090	2	1	1
 239.233	1	0	1
 239.392	0	0	0
 240.515	1	0	1
 240.851	0	0	0
 241.534	1	0	1
 241.649	0	0	0
 242.316	1	0	1
 242.419	2	1	1
 242.474	1	0	1
 242.907	2	1	1
 242.936	1	0	1
 243.296	0	0	0
 243.844	1	0	1
 244.313	0	0	0
 244.799	1	0	1
 245.287	0	0	0
 246.131	1	0	1
 246.579	0	0	0
 246.585	1	0	1
 246.623	2	1	1
 246.664	1	0	1
 246.812	0	0	0
 247.207	1	0	1
 248.221	2	1	1
 249.092	1	0	1
 249.579	0	0	0
 251.393	1	0	1
 251.633	2	1	1
 251.849	3	2	1
 251.874	2	1	1
 251.964	1	0	1
 252.032	0	0	0
 253.163	1	0	1
 253.218	0	0	0
 255.423	1	0	1
 255.504	0	0	0
 259.347	1	0	1
 259.849	0	0	0
 262.537	1	0	1
 262.614	0	0	0
 263.978	1	0	1
 264.198	2	1	1
 264.417	1	0	1
 264.558	2	1	1
 265.096	1	0	1
 265.635	2	1	1
 265.853	3	2	1
 265.930	2	1	1
 266.906	1	0	1
 267.001	2	1	1
 267.007	3	2	1
 267.078	2	1	1
 268.070	3	2	1
 268.246	2	1	1
 268.423	3	2	1
 268.605	4	3	1
 268.889	3	2	1
 269.086	2	1	1
 269.155	1	0	1
 269.327	0	0	0
 269.855	1	0	1
 269.887	2	1	1
 270.423	3	2	1
 270.500	2	1	1
 270.602	1	0	1
 270.650	0	0	0
 270.851	1	0	1
 271.043	0	0	0
 274.009	1	0	1
 274.255	0	0	0
 274.889	1	0	1
 275.468	2	1	1
 275.941	3	2	1
 276.619	4	3	1
 276.774	3	2	1
 276.847	2	1	1
 277.278	3	2	1
 277.435	2	1	1
 277.884	3	2	1
 278.011	4	3	1
 278.354	3	2	1
 278.610	2	1	1
 278.926	1	0	1
 279.558	2	1	1
 279.931	1	0	1
 280.305	0	0	0
 280.515	1	0	1
 280.858	0	0	0
 281.377	1	0	1
 281.481	2	1	1
 281.549	1	0	1
 281.865	0	0	0
 282.699	1	0	1
 282.968	0	0	0
 283.740	1	0	1
 284.499	0	0	0
 287.695	1	0	1
 287.844	2	1	1
 288.311	3	2	1
 289.421	2	1	1
 289.623	3	2	1
 289.736	4	3	1
 289.929	3	2	1
 290.440	2	1	1
 290.619	1	0	1
 290.865	2	1	1
 291.136	1	0	1
 291.144	2	1	1
 291.317	1	0	1
 291.755	0	0	0
 293.900	1	0	1
 293.969	2	1	1
 294.422	1	0	1
 294.591	0	0	0
 295.487	1	0	1
 295.754	0	0	0
 295.889	1	0	1
 296.137	0	0	0
 296.315	1	0	1
 296.579	2	1	1
 297.393	1	0	1
 297.490	0	0	0
 298.423	1	0	1
 298.471	0	0	0
 299.470	1	0	1
 300.780	0	0	0
 301.381	1	0	1
 301.388	2	1	1
 301.663	1	0	1
 302.546	0	0	0
 304.635	1	0	1
 305.281	0	0	0
 306.386	1	0	1
 306.479	0	0	0
 307.371	1	0	1
 308.417	0	0	0
 308.938	1	0	1
 308.960	2	1	1
 309.159	1	0	1
 309.164	0	0	0
 311.432	1	0	1
 311.450	0	0	0
 311.783	1	0	1
 311.925	2	1	1
 312.440	1	0	1
 312.521	2	1	1
 312.598	1	0	1
 313.009	2	1	1
 313.808	1	0	1
 314.335	0	0	0
 314.567	1	0	1
 314.627	0	0	0
 314.629	1	0	1
 315.253	0	0	0
 315.698	1	0	1
 316.064	2	1	1
 316.130	1	0	1
 316.162	0	0	0
 318.209	1	0	1
 318.450	0	0	0
 319.171	1	0	1
 319.239	0	0	0
 319.372	1	0	1
 319.475	0	0	0
 320.621	1	0	1
 320.848	0	0	0
 321.175	1	0	1
 321.769	0	0	0
 322.015	1	0	1
 322.256	0	0	0
 322.725	1	0	1
 322.908	2	1	1
 323.203	3	2	1
 323.368	2	1	1
 323.545	1	0	1
 323.560	2	1	1
 323.907	1	0	1
 324.090	0	0	0
 324.417	1	0	1
 325.026	0	0	0
 325.104	1	0	1
 325.248	0	0	0
 326.749	1	0	1
 326.774	0	0	0
 329.161	1	0	1
 329.740	0	0	0
 332.867	1	0	1
 333.775	0	0	0
 334.190	1	0	1
 334.694	2	1	1
 334.839	1	0	1
 335.320	0	0	0
 335.358	1	0	1
 335.926	0	0	0
 337.180	1	0	1
 337.437	2	1	1
 337.656	1	0	1
 337.663	2	1	1
 337.784	1	0	1
 338.481	2	1	1
 338.999	3	2	1
 339.963	2	1	1
 340.540	1	0	1
 341.468	0	0	0
 342.032	1	0	1
 342.475	0	0	0
 344.766	1	0	1
 345.225	0	0	0
 346.213	1	0	1
 346.546	2	1	1
 346.550	3	2	1
 346.718	2	1	1
 346.756	3	2	1
 346.786	2	1	1
 347.471	1	0	1
 347.883	2	1	1
 348.232	1	0	1
 348.397	2	1	1
 348.731	3	2	1
 348.909	2	1	1
 349.059	1	0	1
 349.365	2	1	1
 350.480	1	0	1
 351.118	2	1	1
 351.447	1	0	1
 351.980	0	0	0
 352.141	1	0	1
 352.573	0	0	0
 352.582	1	0	1
 352.808	0	0	0
 355.654	1	0	1
 355.774	0	0	0
 358.293	1	0	1
 358.340	0	0	0
 358.455	1	0	1
 358.601	0	0	0
 359.194	1	0	1
 359.324	0	0	0
 361.255	1	0	1
 361.448	0	0	0
 361.567	1	0	1
 362.027	2	1	1
 362.076	3	2	1
 362.556	2	1	1
 362.897	1	0	1
 363.074	0	0	0
 363.079	1	0	1
 363.433	2	1	1
 363.598	1	0	1
 363.841	0	0	0
 364.683	1	0	1
 365.314	0	0	0
 365.613	1	0	1
 366.513	0	0	0
 366.542	1	0	1
 366.936	0	0	0
 367.068	1	0	1
 367.512	0	0	0
 370.538	1	0	1
 371.052	0	0	0
 372.750	1	0	1
 373.662	2	1	1
 375.239	1	0	1
 375.278	0	0	0
 375.903	1	0	1
 376.068	0	0	0
 376.344	1	0	1
 376.537	0	0	0
 376.901	1	0	1
 376.931	2	1	1
 377.037	3	2	1
 377.390	4	3	1
 377.428	3	2	1
 378.111	2	1	1
 378.214	3	2	1
 379.564	2	1	1
 379.621	1	0	1
 379.725	2	1	1
 380.191	1	0	1
 380.306	0	0	0
 381.172	1	0	1
 383.112	2	1	1
 383.140	1	0	1
 383.565	0	0	0
 384.154	1	0	1
 384.669	0	0	0
 385.444	1	0	1
 386.225	2	1	1
 386.474	1	0	1
 386.706	0	0	0
 388.327	1	0	1
 388.540	0	0	0
 388.857	1	0	1
 390.283	0	0	0
 392.619	1	0	1
 392.966	0	0	0
 393.873	1	0	1
 394.689	0	0	0
 395.532	1	0	1
 396.245	2	1	1
 396.657	1	0	1
 396.913	0	0	0
 397.813	1	0	1
 397.912	2	1	1
 398.150	3	2	1
 398.375	2	1	1
 398.474	3	2	1
 398.492	2	1	1
 398.637	1	0	1
 398.666	2	1	1
 398.784	3	2	1
 398.798	2	1	1
 398.946	1	0	1
 399.642	0	0	0
 401.801	1	0	1
 402.355	0	0	0
 402.856	1	0	1
 403.046	2	1	1
 403.137	3	2	1
 403.233	4	3	1
 403.481	3	2	1
 403.588	4	3	1
 404.190	3	2	1
 404.338	2	1	1
 404.460	1	0	1
 404.983	0	0	0
 405.494	1	0	1
 406.028	0	0	0
 406.698	1	0	1
 406.730	0	0	0
 407.320	1	0	1
 407.509	0	0	0
 409.787	1	0	1
 409.854	0	0	0
 413.042	1	0	1
 413.565	0	0	0
 414.049	1	0	1
 414.251	0	0	0
 416.567	1	0	1
 416.677	0	0	0
 417.858	1	0	1
 417.895	0	0	0
 418.205	1	0	1
 418.746	2	1	1
 419.088	3	2	1
 419.109	2	1	1
 419.263	3	2	1
 419.868	2	1	1
 420.073	1	0	1
 420.421	0	0	0
 420.518	1	0	1
 421.114	2	1	1
 421.123	3	2	1
 421.489	2	1	1
 422.434	1	0	1
 422.437	2	1	1
 423.167	1	0	1
 423.253	0	0	0
 424.801	1	0	1
 425.030	2	1	1
 425.620	3	2	1
 425.704	4	3	1
 426.249	3	2	1
 426.441	2	1	1
 426.695	1	0	1
 427.138	0	0	0
 427.162	1	0	1
 428.211	2	1	1
 428.548	1	0	1
 428.769	0	0	0
 430.572	1	0	1
 430.682	0	0	0
 430.833	1	0	1
 431.393	0	0	0
 431.586	1	0	1
 431.704	0	0	0
 433.275	1	0	1
 433.281	0	0	0
 433.682	1	0	1
 433.692	2	1	1
 433.923	1	0	1
 434.350	0	0	0
 434.470	1	0	1
 434.876	0	0	0
 435.337	1	0	1
 435.403	0	0	0
 436.532	1	0	1
 436.876	0	0	0
 437.681	1	0	1
 437.746	0	0	0
 439.055	1	0	1
 440.053	2	1	1
 440.110	3	2	1
 441.467	4	3	1
 442.642	3	2	1
 443.233	2	1	1
 443.421	3	2	1
 443.534	2	1	1
 444.070	1	0	1
 444.378	2	1	1
 444.466	1	0	1
 444.771	2	1	1
 445.040	1	0	1
 445.379	0	0	0
 447.235	1	0	1
 447.405	0	0	0
 447.458	1	0	1
 448.107	2	1	1
 448.523	1	0	1
 448.664	0	0	0
 449.384	1	0	1
 449.442	0	0	0
 449.795	1	0	1
 450.093	2	1	1
 450.259	1	0	1
 452.220	0	0	0
 454.046	1	0	1
 454.307	0	0	0
 456.325	1	0	1
 457.395	0	0	0
 458.913	1	0	1
 459.747	0	0	0
 461.237	1	0	1
 461.796	2	1	1
 461.821	1	0	1
 461.915	0	0	0
 463.245	1	0	1
 463.399	0	0	0
 465.962	1	0	1
 466.151	0	0	0
 466.326	1	0	1
 466.449	0	0	0
 467.139	1	0	1
 467.143	2	1	1
 467.174	1	0	1
 467.354	0	0	0
 468.345	1	0	1
 469.016	0	0	0
 469.134	1	0	1
 469.574	0	0	0
 470.119	1	0	1
 470.197	0	0	0
 470.417	1	0	1
 470.592	0	0	0
 471.260	1	0	1
 471.498	0	0	0
 473.572	1	0	1
 474.767	2	1	1
 474.790	3	2	1
 474.815	4	3	1
 475.722	3	2	1
 475.969	2	1	1
 476.215	1	0	1
 476.267	0	0	0
 476.538	1	0	1
 476.601	0	0	0
 476.634	1	0	1
 476.879	2	1	1
 477.079	1	0	1
 477.137	0	0	0
 481.029	1	0	1
 481.551	0	0	0
 481.946	1	0	1
 481.988	2	1	1
 482.224	1	0	1
 482.570	2	1	1
 482.719	1	0	1
 482.926	2	1	1
 483.626	1	0	1
 483.925	0	0	0
 484.220	1	0	1
 484.394	0	0	0
 484.980	1	0	1
 485.109	0	0	0
 487.545	1	0	1
 487.662	0	0	0
 488.121	1	0	1
 488.902	0	0	0
 490.670	1	0	1
 490.761	0	0	0
 491.060	1	0	1
 491.123	0	0	0
 491.232	1	0	1
 491.547	0	0	0
 491.660	1	0	1
 491.971	0	0	0
 493.752	1	0	1
 493.929	2	1	1
 494.187	3	2	1
 494.243	2	1	1
 494.770	1	0	1
 494.922	2	1	1
 495.454	1	0	1
 495.999	2	1	1
 496.206	3	2	1
 496.423	2	1	1
 496.662	1	0	1
 497.595	0	0	0
 497.850	1	0	1
 498.018	0	0	0
 498.111	1	0	1
 498.422	0	0	0
 499.844	1	0	1
 499.963	0	0	0
 500.558	1	0	1
 501.605	0	0	0
 502.583	1	0	1
 503.037	0	0	0
 505.964	1	0	1
 506.183	2	1	1
 506.883	1	0	1
 507.822	0	0	0
 512.559	1	0	1
 512.559	0	0	0
 512.620	1	0	1
 512.677	2	1	1
 513.019	1	0	1
 513.020	0	0	0
 513.125	1	0	1
 513.389	2	1	1
 513.887	1	0	1
 514.911	2	1	1
 515.120	1	0	1
 515.387	0	0	0
 515.537	1	0	1
 515.678	0	0	0
 517.242	1	0	1
 517.253	0	0	0
 518.313	1	0	1
 518.716	0	0	0
 521.200	1	0	1
 522.072	0	0	0
 522.802	1	0	1
 523.078	0	0	0
 524.651	1	0	1
 525.401	0	0	0
 527.226	1	0	1
 527.427	0	0	0
 527.763	1	0	1
 528.357	0	0	0
 528.410	1	0	1
 528.434	2	1	1
 528.927	1	0	1
 528.961	2	1	1
 528.973	1	0	1
 529.130	2	1	1
 529.243	3	2	1
 529.789	2	1	1
 529.817	1	0	1
 529.917	2	1	1
 530.087	1	0	1
 530.338	0	0	0
 532.663	1	0	1
 532.704	2	1	1
 532.744	3	2	1
 533.469	2	1	1
 534.390	1	0	1
 534.525	0	0	0
 534.549	1	0	1
 534.564	0	0	0
 535.636	1	0	1
 536.093	2	1	1
 536.215	3	2	1
 537.148	2	1	1
 537.453	3	2	1
 537.626	2	1	1
 537.655	3	2	1
 537.717	4	3	1
 538.071	3	2	1
 538.603	4	3	1
 538.619	3	2	1
 538.731	4	3	1
 539.198	3	2	1
 539.324	2	1	1
 539.597	1	0	1
 540.177	0	0	0
 540.304	1	0	1
 540.834	0	0	0
 541.093	1	0	1
 541.336	0	0	0
 541.389	1	0	1
 541.399	0	0	0
 541.903	1	0	1
 542.256	0	0	0
 545.061	1	0	1
 545.463	2	1	1
 545.501	1	0	1
 545.638	0	0	0
 546.893	1	0	1
 547.110	0	0	0
 549.113	1	0	1
 549.964	0	0	0
 552.358	1	0	1
 552.662	2	1	1
 552.746	3	2	1
 552.808	2	1	1
 553.066	3	2	1
 553.619	2	1	1
 554.426	3	2	1
 554.495	2	1	1
 555.058	3	2	1
 555.265	2	1	1
 555.301	3	2	1
 556.293	4	3	1
 556.434	3	2	1
 556.676	2	1	1
 557.026	1	0	1
 557.118	0	0	0
 558.903	1	0	1
 558.906	2	1	1
 558.921	1	0	1
 558.966	2	1	1
 559.134	3	2	1
 559.161	4	3	1
 559.335	5	4	1
 559.919	6	5	1
 560.242	5	4	1
 560.806	6	5	1
 560.896	5	4	1
 561.143	4	3	1
 561.406	3	2	1
 561.586	2	1	1
 561.717	1	0	1
 562.095	0	0	0
 562.747	1	0	1
 562.998	0	0	0
 563.413	1	0	1
 563.773	0	0	0
 563.919	1	0	1
 564.283	2	1	1
 564.392	1	0	1
 564.399	2	1	1
 564.556	1	0	1
 565.052	2	1	1
 565.360	1	0	1
 565.902	2	1	1
 566.023	3	2	1
 566.173	4	3	1
 566.359	3	2	1
 566.560	2	1	1
 567.368	1	0	1
 568.158	0	0	0
 569.706	1	0	1
 569.734	0	0	0
 571.667	1	0	1
 571.708	0	0	0
 572.977	1	0	1
 573.383	0	0	0
 575.517	1	0	1
 575.672	0	0	0
 575.739	1	0	1
 575.859	0	0	0
 575.957	1	0	1
 576.432	0	0	0
 578.946	1	0	1
 578.972	0	0	0
 579.169	1	0	1
 579.666	0	0	0
 580.014	1	0	1
 580.844	2	1	1
 581.008	1	0	1
 581.022	0	0	0
 581.525	1	0	1
 581.897	0	0	0
 583.307	1	0	1
 583.333	0	0	0
 583.415	1	0	1
 583.600	2	1	1
 584.324	1	0	1
 584.415	2	1	1
 584.626	1	0	1
 584.781	2	1	1
 585.061	1	0	1
 585.133	0	0	0
 585.614	1	0	1
 585.678	0	0	0
 587.261	1	0	1
 587.293	2	1	1
 587.377	1	0	1
 587.916	2	1	1
 588.071	1	0	1
 588.079	0	0	0
 588.268	1	0	1
 588.768	0	0	0
 588.828	1	0	1
 589.051	0	0	0
 589.376	1	0	1
 589.870	2	1	1
 591.128	3	2	1
 591.765	2	1	1
 593.117	1	0	1
 593.196	2	1	1
 593.805	3	2	1
 594.512	4	3	1
 594.599	3	2	1
 595.249	4	3	1
 595.337	3	2	1
 595.408	2	1	1
 595.517	1	0	1
 596.902	2	1	1
 597.116	1	0	1
 597.362	2	1	1
 597.496	1	0	1
 597.634	0	0	0
 599.254	1	0	1
 599.735	0	0	0
 600.108	1	0	1
 600.421	0	0	0
 601.974	1	0	1
 602.959	0	0	0
 604.110	1	0	1
 604.857	2	1	1
 605.489	3	2	1
 605.612	2	1	1
 605.845	1	0	1
 606.465	0	0	0
 607.360	1	0	1
 607.642	0	0	0
 609.424	1	0	1
 609.887	2	1	1
 610.033	1	0	1
 610.210	0	0	0
 611.478	1	0	1
 612.020	2	1	1
 612.433	1	0	1
 612.512	0	0	0
 613.317	1	0	1
 614.777	0	0	0
 614.827	1	0	1
 614.920	2	1	1
 615.321	1	0	1
 615.552	0	0	0
 615.829	1	0	1
 616.032	0	0	0
 616.300	1	0	1
 616.441	0	0	0
 617.630	1	0	1
 617.722	0	0	0
 618.239	1	0	1
 618.506	0	0	0
 619.486	1	0	1
 619.516	2	1	1
 619.542	3	2	1
 619.743	2	1	1
 619.973	1	0	1
 621.186	0	0	0
 621.916	1	0	1
 621.957	0	0	0
 622.512	1	0	1
 623.409	2	1	1
 623.673	1	0	1
 623.833	0	0	0
 624.416	1	0	1
 624.456	0	0	0
 624.859	1	0	1
 624.949	2	1	1
 625.370	1	0	1
 625.403	0	0	0
 626.388	1	0	1
 626.414	0	0	0
 626.804	1	0	1
 627.207	2	1	1
 627.264	1	0	1
 627.859	0	0	0
 629.910	1	0	1
 630.580	0	0	0
 631.675	1	0	1
 632.330	2	1	1
 632.481	1	0	1
 632.518	0	0	0
 632.752	1	0	1
 632.912	0	0	0
 635.672	1	0	1
 635.827	2	1	1
 636.467	1	0	1
 636.770	0	0	0
 638.428	1	0	1
 638.464	0	0	0
 642.026	1	0	1
 642.794	2	1	1
 642.999	1	0	1
 643.138	2	1	1
 643.387	3	2	1
 644.347	4	3	1
 644.544	3	2	1
 644.907	2	1	1
 645.173	3	2	1
 646.874	2	1	1
 647.100	1	0	1
 647.124	0	0	0
 648.070	1	0	1
 648.775	0	0	0
 650.684	1	0	1
 650.817	0	0	0
 653.637	1	0	1
 653.660	0	0	0
 654.358	1	0	1
 654.870	2	1	1
 655.015	1	0	1
 655.030	2	1	1
 655.072	3	2	1
 655.928	2	1	1
 657.186	3	2	1
 657.600	2	1	1
 657.806	1	0	1
 658.292	0	0	0
 658.861	1	0	1
 659.134	2	1	1
 659.357	3	2	1
 659.956	2	1	1
 660.029	1	0	1
 660.548	0	0	0
 660.571	1	0	1
 660.680	2	1	1
 661.634	1	0	1
 661.931	2	1	1
 662.554	3	2	1
 662.953	4	3	1
 663.766	3	2	1
 663.805	4	3	1
 663.809	3	2	1
 663.839	2	1	1
 663.970	1	0	1
 664.198	2	1	1
 664.446	1	0	1
 664.788	0	0	0
 665.839	1	0	1
 665.845	0	0	0
 666.245	1	0	1
 666.451	2	1	1
 666.509	1	0	1
 666.524	0	0	0
 666.872	1	0	1
 666.894	2	1	1
 667.824	1	0	1
 667.924	2	1	1
 668.723	3	2	1
 668.747	4	3	1
 668.908	3	2	1
 668.942	2	1	1
 669.095	3	2	1
 669.383	2	1	1
 669.540	1	0	1
 669.917	0	0	0
 670.938	1	0	1
 670.981	0	0	0
 671.816	1	0	1
 672.100	2	1	1
 672.713	3	2	1
 673.571	2	1	1
 673.807	3	2	1
 674.407	2	1	1
 675.086	1	0	1
 675.304	0	0	0
 675.866	1	0	1
 676.128	0	0	0
 676.321	1	0	1
 676.446	0	0	0
 679.302	1	0	1
 679.865	0	0	0
 680.449	1	0	1
 681.655	2	1	1
 681.912	3	2	1
 682.427	2	1	1
 682.480	3	2	1
 682.659	4	3	1
 683.187	3	2	1
 683.235	2	1	1
 683.332	1	0	1
 684.221	2	1	1
 684.613	1	0	1
 684.706	2	1	1
 684.848	3	2	1
 685.000	4	3	1
 685.212	3	2	1
 685.539	2	1	1
 685.581	1	0	1
 685.618	0	0	0
 686.243	1	0	1
 686.580	0	0	0
 686.933	1	0	1
 688.545	0	0	0
 688.735	1	0	1
 689.010	0	0	0
 689.775	1	0	1
 690.501	0	0	0
 694.086	1	0	1
 694.169	0	0	0
 696.710	1	0	1
 696.765	0	0	0
 697.602	1	0	1
 697.762	2	1	1
 698.057	1	0	1
 698.770	0	0	0
 699.906	1	0	1
 700.036	0	0	0
 700.596	1	0	1
 700.695	2	1	1
 700.854	1	0	1
 700.879	2	1	1
 701.162	1	0	1
 701.620	0	0	0
 703.077	1	0	1
 703.548	0	0	0
 703.717	1	0	1
 704.228	0	0	0
 705.167	1	0	1
 705.259	2	1	1
 705.386	1	0	1
 705.699	0	0	0
 707.402	1	0	1
 707.582	0	0	0
 708.593	1	0	1
 709.156	0	0	0
 709.282	1	0	1
 709.326	0	0	0
 709.439	1	0	1
 709.719	0	0	0
 713.519	1	0	1
 713.574	0	0	0
 716.270	1	0	1
 716.391	2	1	1
 716.861	1	0	1
 717.344	2	1	1
 717.441	3	2	1
 717.734	2	1	1
 717.827	1	0	1
 717.966	2	1	1
 717.969	1	0	1
 718.654	2	1	1
 718.845	3	2	1
 718.977	4	3	1
 718.984	3	2	1
 719.647	4	3	1
 720.181	5	4	1
 720.651	4	3	1
 720.709	3	2	1
 720.804	4	3	1
 722.127	3	2	1
 722.456	2	1	1
 723.327	3	2	1
 723.553	2	1	1
 724.273	3	2	1
 724.297	4	3	1
 726.082	5	4	1
 726.177	4	3	1
 727.309	3	2	1
 727.625	2	1	1
 727.984	3	2	1
 728.232	2	1	1
 728.436	3	2	1
 728.518	4	3	1
 728.825	5	4	1
 728.943	6	5	1
 729.449	5	4	1
 730.138	4	3	1
 730.342	5	4	1
 730.396	4	3	1
 731.501	3	2	1
 731.967	4	3	1
 732.191	3	2	1
 732.483	2	1	1
 732.663	3	2	1
 733.776	2	1	1
 733.853	3	2	1
 734.951	2	1	1
 734.981	3	2	1
 734.992	2	1	1
 735.385	1	0	1
 735.617	2	1	1
 735.839	1	0	1
 736.047	2	1	1
 736.114	3	2	1
 736.453	2	1	1
 736.799	1	0	1
 736.948	2	1	1
 737.143	1	0	1
 737.259	0	0	0
 738.033	1	0	1
 738.167	0	0	0
 738.223	1	0	1
 738.473	0	0	0
 738.917	1	0	1
 739.178	2	1	1
 739.417	3	2	1
 739.729	2	1	1
 740.079	1	0	1
 740.270	2	1	1
 740.424	3	2	1
 740.904	2	1	1
 740.978	1	0	1
 741.063	0	0	0
 742.518	1	0	1
 742.748	0	0	0
 744.396	1	0	1
 744.703	2	1	1
 744.723	1	0	1
 745.396	0	0	0
 745.996	1	0	1
 746.351	0	0	0
 746.396	1	0	1
 746.680	0	0	0
 747.091	1	0	1
 747.220	2	1	1
 747.282	1	0	1
 748.604	0	0	0
 751.355	1	0	1
 751.388	0	0	0
 751.908	1	0	1
 751.970	0	0	0
 752.312	1	0	1
 752.795	0	0	0
 752.875	1	0	1
 753.419	0	0	0
 754.322	1	0	1
 754.450	0	0	0
 755.237	1	0	1
 755.303	0	0	0
 755.777	1	0	1
 755.818	0	0	0
 756.162	1	0	1
 756.208	0	0	0
 757.844	1	0	1
 758.160	0	0	0
 758.949	1	0	1
 759.095	2	1	1
 759.173	1	0	1
 759.565	2	1	1
 759.862	3	2	1
 760.214	2	1	1
 761.413	3	2	1
 761.582	2	1	1
 761.667	1	0	1
 761.690	2	1	1
 761.847	1	0	1
 762.292	2	1	1
 762.471	1	0	1
 762.678	0	0	0
 763.729	1	0	1
 763.901	0	0	0
 764.652	1	0	1
 765.425	0	0	0
 765.640	1	0	1
 766.408	0	0	0
 766.734	1	0	1
 766.796	0	0	0
 767.242	1	0	1
 767.357	0	0	0
 768.124	1	0	1
 768.271	0	0	0
 769.577	1	0	1
 770.156	0	0	0
 770.426	1	0	1
 770.613	2	1	1
 770.741	1	0	1
 770.844	0	0	0
 771.449	1	0	1
 771.717	0	0	0
 773.329	1	0	1
 773.478	0	0	0
 774.110	1	0	1
 774.172	0	0	0
 774.405	1	0	1
 774.426	0	0	0
 774.980	1	0	1
 775.214	0	0	0
 775.903	1	0	1
 776.133	0	0	0
 776.278	1	0	1
 777.414	0	0	0
 778.674	1	0	1
 778.736	2	1	1
 779.139	1	0	1
 779.228	0	0	0
 780.409	1	0	1
 780.921	0	0	0
 781.735	1	0	1
 781.815	2	1	1
 782.246	3	2	1
 782.451	2	1	1
 782.541	1	0	1
 782.944	2	1	1
 783.217	1	0	1
 783.270	0	0	0
 784.152	1	0	1
 784.292	0	0	0
 785.303	1	0	1
 786.110	2	1	1
 786.270	1	0	1
 786.533	0	0	0
 787.895	1	0	1
 788.211	2	1	1
 788.652	1	0	1
 788.866	0	0	0
 789.148	1	0	1
 790.389	2	1	1
 790.757	1	0	1
 791.318	0	0	0
 791.478	1	0	1
 791.621	0	0	0
 795.007	1	0	1
 795.444	2	1	1
 795.807	3	2	1
 796.067	2	1	1
 796.159	1	0	1
 796.560	0	0	0
 797.531	1	0	1
 797.574	0	0	0
 797.877	1	0	1
 797.997	0	0	0
 798.388	1	0	1
 798.490	2	1	1
 798.535	3	2	1
 799.001	4	3	1
 799.112	3	2	1
 799.279	4	3	1
 799.287	3	2	1
 799.447	2	1	1
 799.456	3	2	1
 799.792	2	1	1
 800.403	3	2	1
 800.498	2	1	1
 800.928	1	0	1
 801.361	0	0	0
 802.397	1	0	1
 802.531	2	1	1
 802.574	1	0	1
 802.624	2	1	1
 803.752	3	2	1
 803.932	2	1	1
 803.981	1	0	1
 804.773	0	0	0
 808.322	1	0	1
 808.882	0	0	0
 808.919	1	0	1
 809.412	2	1	1
 809.720	3	2	1
 809.972	2	1	1
 810.452	1	0	1
 811.275	2	1	1
 812.653	1	0	1
 813.255	0	0	0
 813.453	1	0	1
 813.538	2	1	1
 814.588	1	0	1
 814.919	0	0	0
 817.394	1	0	1
 817.913	0	0	0
 818.189	1	0	1
 818.366	2	1	1
 818.464	1	0	1
 818.998	2	1	1
 819.478	3	2	1
 819.624	2	1	1
 819.985	1	0	1
 820.023	2	1	1
 820.732	1	0	1
 820.791	2	1	1
 820.875	1	0	1
 820.894	2	1	1
 820.964	3	2	1
 821.001	2	1	1
 821.226	3	2	1
 821.238	2	1	1
 822.641	1	0	1
 823.381	0	0	0
 824.722	1	0	1
 824.949	0	0	0
 827.209	1	0	1
 827.451	0	0	0
 827.754	1	0	1
 827.879	0	0	0
 828.394	1	0	1
 828.423	0	0	0
 832.274	1	0	1
 832.855	0	0	0
 833.199	1	0	1
 833.268	2	1	1
 833.859	1	0	1
 833.931	0	0	0
 833.937	1	0	1
 834.128	0	0	0
 834.131	1	0	1
 834.152	0	0	0
 834.234	1	0	1
 834.240	2	1	1
 834.331	1	0	1
 834.654	0	0	0
 836.048	1	0	1
 836.094	0	0	0
 836.731	1	0	1
 836.927	0	0	0
 837.106	1	0	1
 837.177	0	0	0
 837.669	1	0	1
 837.720	0	0	0
 839.577	1	0	1
 839.694	2	1	1
 839.730	3	2	1
 840.006	4	3	1
 840.340	3	2	1
 840.497	4	3	1
 840.539	5	4	1
 840.549	6	5	1
 840.827	7	6	1
 842.203	8	7	1
 842.786	9	8	1
 842.967	8	7	1
 843.037	9	8	1
 843.060	10	9	1
 843.101	9	8	1
 843.598	8	7	1
 844.240	7	6	1
 844.586	6	5	1
 844.692	7	6	1
 844.785	6	5	1
 844.867	5	4	1
 845.313	4	3	1
 845.550	5	4	1
 845.844	4	3	1
 845.987	5	4	1
 846.754	6	5	1
 846.880	5	4	1
 847.121	6	5	1
 847.614	5	4	1
 847.794	6	5	1
 847.804	5	4	1
 848.370	6	5	1
 848.803	7	6	1
 849.274	8	7	1
 849.469	7	6	1
 849.720	8	7	1
 850.337	7	6	1
 850.426	6	5	1
 850.696	5	4	1
 850.909	6	5	1
 851.703	5	4	1
 851.842	6	5	1
 852.041	7	6	1
 852.814	8	7	1
 852.952	7	6	1
 852.976	6	5	1
 853.632	7	6	1
 853.685	6	5	1
 854.662	7	6	1
 854.991	6	5	1
 855.261	5	4	1
 855.699	4	3	1
 856.349	5	4	1
 856.413	4	3	1
 856.672	5	4	1
 858.040	4	3	1
 858.206	3	2	1
 858.862	2	1	1
 858.864	3	2	1
 858.884	2	1	1
 858.940	1	0	1
 859.254	2	1	1
 859.683	3	2	1
 859.695	2	1	1
 859.842	3	2	1
 860.064	2	1	1
 860.302	3	2	1
 860.348	4	3	1
 860.410	3	2	1
 860.425	4	3	1
 860.578	5	4	1
 860.684	6	5	1
 861.253	5	4	1
 861.260	6	5	1
 861.631	5	4	1
 861.800	4	3	1
 862.666	3	2	1
 863.472	2	1	1
 863.474	1	0	1
 864.022	2	1	1
 864.296	1	0	1
 864.600	0	0	0
 864.648	1	0	1
 865.117	2	1	1
 865.863	1	0	1
 866.148	0	0	0
 866.488	1	0	1
 866.656	2	1	1
 866.671	3	2	1
 866.760	2	1	1
 867.667	3	2	1
 868.799	2	1	1
 870.004	3	2	1
 870.029	4	3	1
 870.273	3	2	1
 870.373	2	1	1
 870.395	1	0	1
 870.814	2	1	1
 871.769	3	2	1
 872.027	2	1	1
 872.112	3	2	1
 872.289	2	1	1
 872.674	1	0	1
 872.755	0	0	0
 874.631	1	0	1
 874.737	0	0	0
 875.356	1	0	1
 875.459	0	0	0
 876.609	1	0	1
 876.811	2	1	1
 877.433	3	2	1
 878.134	2	1	1
 878.472	3	2	1
 878.705	2	1	1
 878.973	1	0	1
 879.080	0	0	0
 879.126	1	0	1
 879.761	0	0	0
 881.304	1	0	1
 882.351	0	0	0
 883.681	1	0	1
 883.822	2	1	1
 883.995	1	0	1
 884.241	2	1	1
 885.065	3	2	1
 885.260	2	1	1
 885.299	1	0	1
 885.338	0	0	0
 886.209	1	0	1
 887.038	2	1	1
 887.149	1	0	1
 887.759	2	1	1
 888.637	1	0	1
 889.054	2	1	1
 889.208	3	2	1
 889.346	2	1	1
 889.624	1	0	1
 889.971	2	1	1
 890.044	3	2	1
 890.304	2	1	1
 890.544	1	0	1
 890.663	2	1	1
 891.364	3	2	1
 892.712	2	1	1
 893.111	1	0	1
 893.442	0	0	0
 893.953	1	0	1
 894.078	0	0	0
 894.220	1	0	1
 894.562	2	1	1
 895.324	1	0	1
 895.394	0	0	0
 897.614	1	0	1
 897.895	0	0	0
 899.808	1	0	1
 900.395	0	0	0
 901.592	1	0	1
 901.819	0	0	0
 902.988	1	0	1
 903.293	0	0	0
 906.213	1	0	1
 906.396	0	0	0
 906.929	1	0	1
 907.251	0	0	0
 909.836	1	0	1
 910.071	0	0	0
 910.928	1	0	1
 911.997	0	0	0
 912.414	1	0	1
 912.600	2	1	1
 913.990	3	2	1
 914.057	4	3	1
 914.162	5	4	1
 914.198	4	3	1
 915.001	5	4	1
 915.463	4	3	1
 915.787	5	4	1
 916.048	4	3	1
 916.187	3	2	1
 916.668	2	1	1
 916.753	1	0	1
 916.782	0	0	0
 917.702	1	0	1
 917.810	0	0	0
 921.174	1	0	1
 921.444	0	0	0
 921.809	1	0	1
 921.896	0	0	0
 924.894	1	0	1
 925.004	2	1	1
 925.728	1	0	1
 926.081	0	0	0
 926.614	1	0	1
 926.736	2	1	1
 927.074	1	0	1
 927.153	2	1	1
 927.244	3	2	1
 927.782	2	1	1
 928.259	3	2	1
 928.642	4	3	1
 929.095	3	2	1
 929.127	4	3	1
 929.254	3	2	1
 931.139	2	1	1
 931.561	1	0	1
 931.912	0	0	0
 932.300	1	0	1
 932.337	0	0	0
 933.184	1	0	1
 933.489	2	1	1
 934.261	1	0	1
 935.329	0	0	0
 935.474	1	0	1
 935.629	2	1	1
 936.058	1	0	1
 936.091	0	0	0
 936.191	1	0	1
 936.632	0	0	0
 940.270	1	0	1
 940.578	0	0	0
 941.215	1	0	1
 941.234	0	0	0
 941.752	1	0	1
 941.768	0	0	0
 942.327	1	0	1
 942.381	0	0	0
 943.068	1	0	1
 943.248	0	0	0
 944.192	1	0	1
 944.382	0	0	0
 945.243	1	0	1
 945.446	0	0	0
 945.685	1	0	1
 946.002	0	0	0
 947.273	1	0	1
 947.476	0	0	0
 948.311	1	0	1
 948.633	2	1	1
 948.971	1	0	1
 949.551	2	1	1
 949.679	3	2	1
 949.857	2	1	1
 949.888	3	2	1
 950.162	2	1	1
 950.175	1	0	1
 950.405	2	1	1
 950.654	1	0	1
 951.287	0	0	0
 951.339	1	0	1
 951.941	0	0	0
 951.945	1	0	1
 953.339	2	1	1
 953.587	1	0	1
 953.961	0	0	0
 954.414	1	0	1
 954.605	0	0	0
 954.933	1	0	1
 955.101	0	0	0
 955.299	1	0	1
 955.515	0	0	0
 955.938	1	0	1
 956.739	0	0	0
 957.078	1	0	1
 957.512	2	1	1
 957.859	1	0	1
 957.931	2	1	1
 958.229	3	2	1
 958.587	2	1	1
 958.621	3	2	1
 958.696	4	3	1
 958.883	3	2	1
 959.266	2	1	1
 959.811	3	2	1
 959.882	4	3	1
 960.082	3	2	1
 960.565	2	1	1
 960.673	3	2	1
 961.511	4	3	1
 961.974	3	2	1
 961.989	2	1	1
 962.054	1	0	1
 962.126	0	0	0
 963.311	1	0	1
 963.470	0	0	0
 963.776	1	0	1
 964.256	0	0	0
 967.534	1	0	1
 967.609	0	0	0
 968.293	1	0	1
 968.906	2	1	1
 968.975	1	0	1
 970.018	0	0	0
 970.524	1	0	1
 970.716	2	1	1
 972.544	3	2	1
 973.050	2	1	1
 973.265	1	0	1
 973.505	2	1	1
 974.070	1	0	1
 974.308	0	0	0
 978.110	1	0	1
 978.986	2	1	1
 979.247	3	2	1
 979.462	2	1	1
 980.173	1	0	1
 980.901	0	0	0
 981.300	1	0	1
 981.939	0	0	0
 982.204	1	0	1
 982.373	2	1	1
 982.522	1	0	1
 982.569	2	1	1
 982.651	1	0	1
 983.670	0	0	0
 987.903	1	0	1
 988.030	0	0	0
 988.624	1	0	1
 988.981	0	0	0
 989.776	1	0	1
 990.482	0	0	0
 992.679	1	0	1
 992.775	0	0	0
 993.178	1	0	1
 993.507	2	1	1
 993.622	1	0	1
 994.678	0	0	0
 995.150	1	0	1
 995.756	0	0	0
 996.927	1	0	1
 996.983	0	0	0
 997.156	1	0	1
 998.066	0	0	0
 998.229	1	0	1
 999.048	0	0	0
 999.447	1	0	1
1000.360	2	1	1
